[  6.59637629,-14.34614505,  2.62992204,  3.56707872,  2.91693884,  0.85924088, -3.98756781, -8.95760602, -7.47034251, -4.08393554, -3.42263739,-11.02517557,-10.87202963]
[ 13.04592118,-17.17327799,-19.4252809 ,  8.91600711, -4.52740464, -2.58057941,-19.144721  ,  2.57182804, 12.88602328,  4.52283448,-11.64716063,  2.40139107,  4.44076501]
[ 16.62363944, 24.67798892,-10.99668578,-19.77186379,-10.09387765, -1.97045007,-12.14913473,-11.73070771,  1.19269596, -0.58867085, -1.79931405,  5.03832218, -8.57681783]
[ 19.68264445,-13.65258032,-20.07096918, 31.31363112,-19.15319234,-41.15799973,  0.06599016,-13.08376533,  6.43145509,-25.90375463, 10.95774749,  5.13493225,-17.55589893]
[  7.63632078,-16.65816091,-11.50199145, -3.44469862, -4.75682498, -6.43730242, -8.72417288, -6.06366503, -7.36592189, -4.91121453,-10.07264717, -6.13934995, -4.92324356]
[ 19.18794063,  8.3810289 ,-20.82158475,  3.28122812,  1.50362972,-29.89360818,-20.69225262,  2.98168962, 10.94396702,  5.46504367,-20.00746926,  5.82753362, -7.90903704]
[ 18.01431377, 12.84866375,-14.81648467,-21.6500939 ,-25.34555255,  4.07055673, 15.31102158,-24.48605266,-12.62362853, -0.65226314,-16.58752716, -5.41189914, -8.60004259]
[ 20.77658418,-42.46242272, 15.35578461,  2.21810355,-20.66445394, 22.47913151,-15.6273807 ,  0.63894627,  4.36379379, -5.42452717,  0.99838551, -1.86356863, -2.48845169]
[ 8.70333422,-0.48202427,-2.18082637,-3.99727988,-7.50918462,-5.51008795,-6.78884635,-5.39631473,-4.42131964, 0.44256512,-3.2200142 ,-0.45723872, 3.8702532 ]
[  8.83073888,-11.75209322,  0.29211922,  3.7171753 ,  3.43080748,  6.67158881,  2.77266107,  6.38428105,  7.919578  ,  4.94244552,  0.68155893,  2.28867147,  3.0650395 ]
[ 18.35452577, -6.41149535, -2.49098103, 36.05039614, -5.63045765,-35.78762812,-29.35906423, -4.2828807 ,-16.08217546,-24.60631118, -9.77651914,  9.95164933,-16.29073536]
[ 18.32021526, 12.29347069,-16.10939768,-23.76448119,-30.61956049, 20.26856925,-13.64399197,-10.53323297, -6.423923  ,-13.89405069, 12.68966527, -9.62934351,  0.34128081]
[ 14.38761428, 13.4318573 , -6.54622328,  8.43779813, -5.73873662, -6.90254049,-27.02567538,  0.65641131,  3.30378468,-20.57330743,-11.97526056, -9.04217396,  0.89019717]
[ 16.62456528, 13.24821872, -4.16364146, -2.3344843 ,-17.06273665,  6.4752039 ,-24.99961917,-22.9286796 ,-15.51815334,  4.25622424,  6.35093782,-17.34896403, -3.97009644]
[  8.9140336 ,-18.55997075,  3.84587573,  4.67498185,  6.91644726,  9.89113573,  8.14784636,  8.07728447,  6.9916891 ,  6.08428839,  4.82915884,  3.61116891,  1.9207917 ]
[ 11.96411245,-11.49061659,  0.59926962,  3.61343705, 10.94144398, 10.85912256,  1.79831748,  2.44227914,  2.65292627,  2.21678772,  0.46518027,  2.38769707,  5.46375003]
[ 17.537818  , 13.6112149 ,  5.34460698,-23.58911461,-27.56576529,-16.97426282, -0.81514334,-18.29889109, 14.15611296,  0.46599421,  3.97529813,  2.0555711 ,-22.85279507]
[ 10.2835722 ,-12.39098529, -0.15866451,  4.8368947 ,  2.09871314,  6.31908291,  0.07969353,  5.24202416,  6.92990331,  8.41755026,  4.96587267,  1.35636672, -2.26371492]
[ 18.72964445,-13.0210228 , -6.26151779, 37.26934251,-20.01523366,-23.78373031, -4.00873228, -6.97010814, -7.89455061,-27.2129899 , 12.39580638,-15.53279425,-16.84068259]
[ 15.04857991, 15.40939053, -6.01073845, 12.31193471, -7.96042085,-10.96997567, -1.79030054,-25.4867123 ,-12.26113488, -2.34364755,-10.22609641,-11.04783619, -4.05034139]
[ 18.24027538, -4.52537149,-11.93594011,  6.44033203,-23.75204661, -6.96973883,-44.33866866, -3.2458801 , -9.29622677, -6.62455497, -1.31406244, -1.82656423, 22.26799544]
[ 13.59264812,  8.98601945,  6.46352263, -1.47542259,-13.36875834,  0.33079026,  2.05186253,-11.27292387,-12.84050333, -6.8109996 , -3.93112033, -4.99680211, -5.85987572]
[ 17.45479604,-15.3279763 , 15.01137608,-10.78447711,-14.19215866, -9.68428552,-30.86317683, -4.68514298, -5.28003202, 10.93337407, -4.27895854, -6.63542045, -1.75154554]
[ 18.55224177, -3.28908387,-16.21491901,  1.39430311,-13.40553924, -1.44218697,-24.15597738,  6.69207347,-13.07341157,  6.41352709,-29.4069259 ,-30.69771554,-10.4324119 ]
[ 11.66779229,-15.35741381,-26.04379651,  4.10059495, -7.01340444, 15.18428915,-20.22945867, -0.08167026, 24.2905365 , 17.15947347,-12.19528252, -0.66390412,  7.44349874]
[ 18.46384984,  8.0650354 ,-28.58820325,  3.35507895,-30.59158213, -5.42769792, 28.8240619 ,-34.50470642, -4.62648742,  8.98692475, -3.58915041, -9.75357248,-14.89230754]
[ 17.9533078 ,  2.34222371,-16.1382299 , 12.72203523,-21.68372777,-37.95843876,-12.79323866, -2.9096452 , 15.95994431, -7.12461491, -2.08966831, -2.05871611, -8.04515375]
[ 16.45820869, 17.15736866,  4.44510819, 11.59279701,  6.82933756,-10.76014319,-20.41591728,-15.11954577,-13.61670383,-10.64636748,-11.19587712,-10.9532747 ,-13.68589496]
[ 17.08091289,-29.15412069,-11.25537785, -3.04751585,  4.99955805,  2.2588859 , -7.80200714, -1.95019645, -2.77736141,  3.74090712,  0.98891227,  2.15077954,  1.75105355]
[ 16.23187949,  4.05042773, -0.63433458,  9.18715046, -4.53062636,-10.19650396,-30.34014742,-13.06209463, -5.38813344, -4.26473705,-11.07655062, -7.10137173,  1.01537998]
[ 18.92944009, -3.44529522, -7.73881631, 25.42043   ,-31.32235134,-50.63307814,-21.45195914,  0.02097088, -6.50739761, -3.61673198, 28.22374603, -6.11146709, -4.42466185]
[ 18.93754685,  7.09891339,-10.56895188,-17.1354529 ,-38.8280803 ,  8.64582302, -9.71936051,  8.98488866,-17.54878   , 15.42753088,-11.67673535, -7.17526578,-11.1118314 ]
[ 19.94070577,  0.903595  ,-39.75973664, -0.67829514,-14.479477  ,  6.82677661, -3.51856768, -9.08417197, 14.6605141 ,-11.48111288, -3.79034768,  4.20024521,-17.46704692]
[ 21.02713034,-38.44591882, 25.07944679,-21.43689194, 13.61740432, -1.59652744, -7.67071238,  8.63169265, -8.53435195,  1.76433397, -1.66873628,  1.96324376, -0.99288098]
[ 15.75788466,-11.09351365,  5.66477042,  3.55550337,  2.05839217,-46.92374329,-11.32601772, -3.90448994, -8.58795424, -7.88244773, -4.44745471,  0.51793066, -0.24619035]
[ 19.89089702,  5.89840569,-24.74089137,  5.55005452,-16.68122628,-32.21673939,-33.92843149,  8.18299361, 30.35562423, -8.57267381, 14.71544712, -0.5274247 , -9.5039457 ]
[ 15.7686857 ,  6.80407581,  1.13080445,-22.93987012, -8.94968247,-16.4457709 , -2.82454651,-28.58133381, -8.19196402,  7.52216305, -1.44823049, -8.50983158, -9.4460336 ]
[ 10.56307818,-11.30545896, -4.42935898, -2.0527482 , -5.87664132, -5.81201348, -7.45902949, -0.49643271,  1.76540884,  2.12407209,  0.90473275,  0.90437739, -3.24583251]
[ 17.97058113, -6.562827  ,  5.08913541, 34.08910436,-38.06371239,-14.90937987,-23.57419856,-14.92673895,-30.51313142, -2.3578036 , 15.58700804,-28.28644874, 20.14368014]
[ 15.00061438, -3.15345406,  6.00839472, 32.37044865, -9.20592545,-17.05402219, -7.40347636,-18.89405084, -4.90423259,-21.75151285,-11.33601022, -2.24442501,-12.45699578]
[ 15.08157581,-20.20246821,-11.70080424, 15.37697722, -6.70574203, -4.39433777, -5.81173479,  8.29324796, -1.45350863, -1.84938972, -1.43935503,  1.30413186, -0.620154  ]
[ 15.67740572,-23.50881272,-13.68277577, -1.65686829,-11.3387658 ,-14.22029169,-23.33194029,  1.0104171 ,  9.75432036,  9.66431205,  4.15640188,  1.74589796, -8.5025849 ]
[ 18.69591819, -3.03465764,-29.26078836,  1.13520675,-29.24063364,  0.88770924,-19.78858514, 14.80842141, -3.09489402,-14.86179576, -6.82946885, -9.40022016, 14.72315767]
[  9.38085152,-12.34101038, -5.57870883, -4.51912054, -4.15051337, -0.00934302, -0.47920585,  0.67523539, -1.59735369, -0.92016253, -0.61965521,  0.97282876, -0.70359196]
[ 18.08556886, 13.9433609 , -8.69292445, -3.11589086,-23.78116213, 16.93321882, 18.97160993,  2.49805596,  1.31608407,-11.89864592, 12.94597637, -3.7460681 ,-19.26192819]
[ 17.77040638, 18.78766861,  7.1719711 ,-14.55165202,-49.71100309, -7.37558211, -7.86053285,  9.31520522,-14.14787479,  9.85888004,-13.86686311,  5.34188774,  6.85405569]
[ 17.23539299, 15.5162988 , -5.40202674, 10.45767375,-52.46053307,-33.29928785, 25.24867844,-29.81170865,-12.42786702, 12.86941431,-10.2285237 , -5.82543638, 13.58063986]
[ 18.79055555,  9.75226357, -3.24996205,-13.04535639,-60.90188674, 12.78270262, -3.37094787,-11.98199951,  4.7293592 , -5.65354327, -2.18915566,  5.17984049,  1.85596092]
[ 11.59545518, -1.44925707,  3.37309041,  6.19219192,  0.72699123, -1.50518283,-10.2804602 , -4.66892146, -4.66270507, -2.47749127, -3.1347667 , -0.12316248, -0.14774031]
[ 18.12311947, 20.99221144,-12.81481009,-30.01852149, -8.06477381,  5.725399  ,-13.82369955,-37.85069269,-10.18272139,  8.27919534, 10.14593471,  6.46236096, -7.39918765]
[ 18.4648727 , 18.85402328,-12.58096252,-21.19773053,-20.47263037, -7.41810841,-13.01204514,-24.08340022,  6.85373236, -4.84608001,-12.33203929, 18.20893318,  4.32252809]
[ 16.79930105, 19.89044296,  5.27556125, -8.34617915,-35.27914217,-11.67281656, -7.30583249, -7.62459228, -5.44591706,-11.22343756, -7.31874812,  4.67085204, -3.64876408]
[ 18.8371013 , 26.12275607,-16.30398067,-10.00239223,-13.45472856, 22.63172928,-16.28324185,-55.07550241, 16.09030809,  1.13758536,  0.73901489,  5.76396964, -7.72327928]
[ 18.05521465, -8.55105591, -1.12105147, 29.63695215,-33.1258965 ,-28.62542763, -9.38863364,-12.52395409,-27.38878991,  1.09495459,  6.7109179 ,-18.41581336,  8.94241936]
[ 13.44488747, 12.16581883, 12.45918156, -5.19676493,-30.22323715,-12.71619056, -9.95756306,  9.56686928, -1.41505519,  7.51755309,-13.45858044,  0.02200244,-10.20298502]
[ 18.26955709,  4.92882174,-16.55833927, -6.24013075,  2.94599557, 13.49454566,-11.50676417,-17.71019673, -8.36981925,-10.11322827,-25.53734898,-13.03726168,  1.31638571]
[ 12.25985141, -0.12042149,-21.82522049,-12.9689153 ,-11.07848792,  8.44156337, -6.90913886, -8.04466185, -5.15972402, 11.73251468,  0.49666039,  2.0727857 , -4.11639576]
[ 19.03243902,  2.68822259,-33.61600476, 11.02676775,-10.57195608,-39.4729589 , -7.1687469 ,  5.45242847, 20.45778409,-15.93754958, -8.82301991,  3.24600275,-18.63929608]
[ 18.95245323, -0.35388339, -3.45885821, -0.27653067,-36.97783466, 18.11676575,-28.68492703,-30.94969942, -4.79172467,  2.03434463, 21.67861975,-19.62381383,  2.49684001]
[ 13.53473356,-16.57139284, -3.74348023,  9.01214   ,-15.92351929, -4.65454323, -5.91383561,-11.23778725,  3.28639201, 17.04190916, -0.64890263, -4.16798872,  9.90495531]
[ 17.04733699,-33.05033064, -3.39345492, 20.94155277,-11.67640206, -5.91017047,  6.2546437 ,  1.31882471, -6.69075134,  6.26709885,  0.64469121, -2.45295587,  2.80260193]
[ 18.62708535, 15.67526021,-24.52703389,-14.90173554, -9.36547291,-10.9445885 ,-20.65207405, -9.33021571, 12.76072441,  7.72985314, -0.13020886, -8.66469887,-12.91083042]
[ 20.20201789,-15.60402693,-13.89541849, 29.92876305,-29.71097269,-14.14540033,-29.41548932, -6.21520387, 12.98113379,-16.00780668, 10.41218705,-10.46836862,  7.55927467]
[ 15.71667444,  9.71020842, -0.82190064,  6.31828017,-17.49087439, -9.50802859,-28.95213122,  6.42374968,-16.65857014,-15.59088618,  2.22986892,-13.4388787 ,  6.39668195]
[ 14.03404583, -5.96172654, -2.5556414 , 22.82452792,-27.21031858, -2.54183002, 15.0048084 , 15.7312668 ,  0.13609937,-22.76758762, 23.47673603, -8.28789652,-12.68775897]
[ 20.12955617, -0.10355545,-42.14231827, -3.7002783 ,-15.82336031, -3.58143041,  1.00227629, -9.90799556, 10.42425014, -0.35569519,-21.11521224,-14.1753788 ,  3.28001584]
[ 17.70885476, 18.9124629 ,-13.77096652,-14.73020102,  0.06901449,  2.37523894,-31.3415688 ,-38.78406277, 15.82515256,  7.54762576, -4.40299555,  2.36332248, -4.08741143]
[ 19.60884689,-32.66853367, 24.3678758 ,-22.73904706, 16.3537834 , -8.64528594,  1.39429603, -0.63489323, -1.3018146 , -2.21487801,  0.92306172, -0.53981586,  1.2381952 ]
[ 20.1129485 ,-44.15183175, -3.41635299, 21.9084752 ,-11.21319789, -7.37996114, -0.11074031,  3.76237048, -4.68839085,  2.97709488, -5.77141609,  1.47993046,  0.52105897]
[ 18.84750124,  5.08801784, -7.53687479,-26.01304909,-35.84953316,  4.22453426, -6.02807464,-32.09760035, 32.31344328, 10.74954609,  9.44254992,  4.98704785,-33.90959776]
[ 19.76694091, 10.49216107,-38.93479087,-20.5053088 ,  0.49073096,-11.83222966,-21.81015122, -2.00914537, 29.07239916, -2.7994171 , -5.60381857, -8.68738606, -4.84880792]
[ 14.79490648,-19.64643941,-20.27005496, -2.3011171 , -6.15929253, -9.62210408,-11.5862707 , -7.09394119,  3.48651182, 11.14902128,-20.71515163, -5.26285867,  3.33971184]
[ 16.77517964,-16.45921099,  6.89510325, 11.5897398 , -7.47290886, -1.89265203,-23.48439478, -3.1040197 , -9.48872825, -6.02408725, -8.49146517, -4.1856116 , -2.59154935]
[ 17.27361145,  3.52992486, -8.46323678,  4.75228601,-15.40587683,  0.22066566,-17.6183989 ,-18.53011178, -3.13293895,-11.41518132, 21.01980959, -1.17622712,-18.37887903]
[ 16.92181726,  5.7163651 , -8.22515453, -1.485083  ,  1.45065736,-13.26090856, -5.74299271,-12.77731274,-25.89782252,-16.99820546, 12.22900464,  3.67249717, -4.61075587]
[ 10.94653157,  1.65997037,-32.84047333,-14.44745531, -4.25534978, -1.83029201, -4.22573586,-15.77059653,  5.68697598, 19.72206081,-16.52735371,-20.67289668, -3.8284605 ]
[ 17.49495718, 11.17866751,-11.01024097,-11.95699563,-25.3276488 , -7.20592234,-11.68013339,-31.06852494, 17.56667864, 14.55425695,  0.5838971 ,-17.84415656, -8.9362288 ]
[ 16.59913234,  2.45628836,-16.83853344, 17.40509108,-22.78674579,-17.00981063,-15.74683925, -4.31852911, 11.07628466,-16.29356794,-13.49496376,-12.19221218, -2.94618038]
[ 17.7601841 ,  5.89542859,-18.1847954 , 27.82419979,-12.74739426,-33.30818367,-17.2587873 ,-24.83409215,  5.09995455,  1.75953217,-11.50574847,  1.38185134,  0.81665249]
[ 18.18493895,  5.55369727,-16.58959274, 12.73467128, -1.22648243,-19.05065282,-41.76354325,-19.00754225,  2.36835475, -1.59206052,-13.23443924,  3.72004605, -5.89222111]
[ 18.11696882, -6.9420109 ,-23.25844271, 21.06624246,-17.74461292,-31.35097427,-21.0658229 , -1.76579984,-12.02714256, -9.53432658,  3.2421502 ,  2.38826901,  6.23051926]
[ 15.80981026, -3.68940787,  4.82973081, 25.77654394,-18.60863052,-24.78030444, -2.54920782, -9.15790256,-20.43050117, -6.18124131, -4.28848814,-13.25123035, -8.13374509]
[ 16.4723774 , 12.56931759,-11.09503947, 19.49434397,-21.35776424,-25.55729974, 20.90121232,-44.63260752,-30.69260889,  7.54633783,  2.73189349,  1.09834032,  1.92003559]
[ 18.25546458,  4.27911687,-11.86458473, -8.173326  ,-52.62254462, -3.88363928, 22.29275243, -3.49050313,  2.38846338,-10.62121298, -5.21423284, -5.78720392, -4.95738705]
[ 15.15302786, 10.65326993, 11.29910269, 21.03637285,  8.60516891, -3.20565913, -8.1660458 , 14.72314176,-15.3788773 ,-29.29856319,  7.45592552,  3.798569  ,-15.51383163]
[ 18.03596893, 20.04832687, -3.90787871,-20.69897505,-33.70927653,-16.11576834, -2.40611098, -4.55528464, -3.36010369, -1.10004409,  0.05547563,  8.44260596, -2.54205138]
[ 17.88586402,-36.02655488, 19.15067905,-14.09611104,  8.89271035, -4.45096079, -1.7220267 ,  3.4072776 , -2.58386212,  2.38383053, -4.02908021,  3.36493441, -3.44796515]
[ 10.06283738, -1.56215692,-10.01452068,-11.0073194 , 10.63900559, 24.68961144, -0.24962963,-14.61395145, -1.60800285, 14.97188098, 12.55730245,  6.94730705,  1.95909392]
[ 16.89983417,  5.96486489,-20.05839165, 16.82591942,-13.70774399,-20.1252021 , -3.97439946,-43.54674784,  1.35655451, 17.38380753, -0.64474347, -8.35098533, -8.74304884]
[ 17.871844  ,  5.08612157,-10.01676875, -1.09053758,-10.86472475, -5.77127386,-15.45873728,-25.22897925, -4.53256999,  4.5091282 ,-13.75067188, -4.49678709,-34.8492148 ]
[ 18.60558301, 13.95714275,-15.99262603,-10.76367513,-33.5812853 , -3.10766196, -1.7070404 ,-16.70998393, -3.64030023,  2.76891705, 10.63035475, -5.76632621,-15.71528998]
[ 19.97005221, 11.15187434,-29.38572681,-26.87798096,-20.75507515,-16.66362388,  7.00161008, -3.69231472, -2.73838446, -1.38587735, 13.22728721, -8.06060409,-10.99274254]
[ 19.13068024, -3.68744568,-17.28156265, 26.67030167,-20.45436663,-30.83479248, -1.68527054,  1.27523942,  7.89350682,-29.68272223,  7.16322905,-10.21405367,-24.93612926]
[11.30479926, 3.11679721, 4.2900286 ,12.44495261, 2.7131767 , 8.8689722 , 5.74031744, 7.55019142,12.93734789, 5.19509047, 2.24191389, 2.58661504, 1.72602461]
[ 19.09202349, -0.82852808,-27.81049416,  3.64722311, -5.82774581, -9.79327824,-46.39082906, -6.35116793, 41.50123401,-18.72881843,  2.30057718,  1.14337078, -3.34840464]
[ 10.40751502,-16.23648279, -8.22272318,  1.33835156,  1.08197953,  4.87763861,  4.82782943,  4.34137743,  2.10802186,  2.41300152,  1.69754609,  5.45055546,  2.5160027 ]
[ 14.33310353, 18.71912542, 11.34571305, -1.55272456,-16.16555067,-18.53301961,-14.83545892, -8.25732874, -4.29634258, -6.46056833, -6.95200846, -6.91977344, -8.22898041]
[  9.06065453,-11.69901874, 13.71530927, 15.18053772, 13.12330446,  6.42160397,  7.96078975,  3.52656201,  3.69189766, -1.7420834 , -0.12682017, -4.83357459, -5.64627515]
[ 20.17312798, -5.0819473 ,-27.40430975, 15.59060938,-29.40583874,-39.28425414,-15.7180006 , 17.61943676, 14.92013729, -8.39096169, 14.8213559 , -5.75166012, -6.89648655]
[ 18.70956364,  2.09607904,-19.02532075,  2.4784602 ,-29.54763527, -8.28777147,-33.53195918,  0.83977685, 11.43374598,  7.47168875,-16.04290287,-11.16679204,  2.36061016]
[ 17.75878238,-22.02806591, 20.96525506,-10.90525149,  6.29712921,-10.8443954 ,-17.17179849, -5.3798851 , -9.73747374, -6.01907702,-10.14191329, -5.01464919, -3.51821166]
[ 13.76826566,-14.71345233,-34.01078243,  3.86660583,  0.99825622,  1.72598586, -8.78357901, -3.66884586, 22.23142701,-10.76128689,-17.82700937, 10.33035556,  3.3114594 ]
[ 15.65381365, 14.62076802,-12.50956648,-21.04688663,  3.67157502, 21.58581551,-16.24734249,-42.98604862,-11.86949345, 10.66601474, 10.37633197, -2.76861343, -3.22323191]
[ 18.0004576 ,  0.0159969 ,-20.57565156, 14.45825192,-26.69531473,-21.12000505,-36.32569382, 14.51038198,  4.6966713 ,-21.64866555, 14.18630145, -3.382483  , -4.7556004 ]
[ 15.37167589,  6.01524802,  9.44861029, 19.40401621, -3.90175835,  7.40371711,  7.67289461, 16.14524733,-33.59868433,-29.48777148,  3.11460858,-14.33172377,  2.83004551]
[ 11.87680532,  1.71473796, -9.42947239,-10.70450627, -3.74928675,  0.99225484,-10.66006952,-10.56842009, 10.35427556, 17.00427072, -1.93733963, -8.31618943,-10.28908504]
[ 15.3891619 , 20.74961215,-18.00521145,-10.51664225, 20.60665395,  7.37652238,-32.68717634,-15.97422419, 12.93771713, -4.07817773,-23.33523179,-21.18449931, -8.78374758]
[ 17.34741584, 13.04312092,-13.30429573,  6.11206995, -3.05016615,-31.95785827,-37.83221538, -3.16219666, 17.73612457,-12.46524603,  0.64324505,  4.09701737, -2.62526879]
[ 15.67463778,-13.45686845, 18.47773584,  4.59381269,-25.86940207,-40.19296301, 20.23207855,-20.36965613,-17.76270822,  0.37868191,-26.17138165,-14.21002287, -7.66904021]
[ 17.55276207,  8.6923341 ,-18.17954215, -1.80669416,-17.15574323, -8.14744902,-16.61399813, -9.5880094 ,  9.95685012, -0.33820872,-13.99073725,-25.4946215 , -0.60969927]
[-36.04365339,  0.        , -0.        ,  0.        ,  0.        ,  0.        , -0.        ,  0.        ,  0.        ,  0.        , -0.        ,  0.        ,  0.        ]
[ 14.60395148,  1.99808912, 11.21738305, 10.7625307 ,  0.8389403 ,  1.15887336,-17.4296778 , -7.86818931,-17.62687601, -9.65491851, -8.35885485,-10.75770213, -9.81802641]
[ 14.63721056, -3.64685787, 10.53485374, 31.87793553, -4.83682854,-23.97828921,-33.30873871, 13.509171  ,-19.86202702,-17.6452359 ,  1.95598501,  5.82648814, -9.43536508]
[ 17.33243309, 11.35276898,-25.21347706,-19.08299431, -0.39309365,-10.72999722,  8.49194677,-21.1549424 , -0.93956242, -2.46276765, -8.2563508 ,-16.1719835 ,-20.12186006]
[  9.00562806,-20.37511148, -6.97320528, 17.05320718, -1.18961409, -0.7073781 ,  0.71839543,  4.17598894,  1.06683547,-11.01122867,-12.33926999,  1.14566433, -7.1190216 ]
[ 16.21135572,  3.82056536,  2.00408728,  4.30784471,-17.22444865, -3.70359497,-50.58302343,  2.03530219, -1.49197261, 16.32417384, -9.01783424, -5.87103635,  0.98413235]
[ 11.13390581, -7.01154163,  4.32652718,  6.27915714,  0.24167567,  5.98124477,-15.32379284,  1.65742628, -9.17991033, -6.61712277, -6.79245207, -0.69537332,  4.1007234 ]
[ 16.41531955,-37.85367356, -2.31928   , -1.98710448, 12.38395869, -6.72574607,  8.81573171, -3.49981454,  5.54645645,  0.99686608,  1.12493771,  4.41991222,  0.22959437]
[ 19.75173538,  6.80400826,-36.25687275,-16.28138984,-21.79639488, 28.01970746,  5.36764546,-27.12345091, -1.09074815, -3.87009069, -2.59239821,-11.07909449, -5.92841776]
[ 19.68454214, -3.06475027,-10.19559062, 13.64488779, -8.6325053 ,-22.21699538,-61.98375784,  7.67566926, -0.83693895,-10.81484635, -6.44812614,  2.93647892, -1.75412537]
[ 15.70654498,-26.66012998, 12.45522416, -0.94773559,  3.6141338 , 10.71493725, -5.96660871, 11.01817271, -0.6696579 ,  6.00188479,  1.33777487,  2.09910996,  1.55192424]
[ 17.35757145,  7.88266798, 20.86363096,-21.2565653 ,-34.72449171,-35.10459386, 22.12701444, -8.67359441,  7.80752778,  4.84541473,  1.69572263, -2.23030109,  5.93040935]
[ 15.43021772, 16.79921123, -1.53933597, 17.68849331,-16.26403463, -8.67578845,-21.78778942, -7.48695871,-17.57790646, -9.01699804, -0.31724866,-34.22525284,  8.46733548]
[ 13.66664775,-19.75949898,  0.50124705, -1.66107916,  2.07851951,  0.73483161, -5.54905574,  0.20935987, -1.70553432,  1.97726308, -0.7827152 ,  0.34705247,  0.76208903]
[ 20.83933302,  4.26795256,-41.77475106,-16.9710217 ,-11.445471  , 20.35882385, -0.93452954, -3.11059037, -2.00435919,-21.38496221, -2.13884295, -9.27223775, 16.88827168]
[ 14.17819304,-22.48118622,-17.55812469, 12.54135789, -8.86229367, -2.03102498,-14.76754128,  2.75995983, 16.52704941, -5.28061752, -0.53209547, 13.10503957,-13.60717521]
[  8.6768892 , -2.60754967, -5.22793117, -7.91197915,  0.96660034,  4.92694902, -0.48363967, -3.7314923 ,  3.18114179,  1.93202489, -7.95732768,-13.36534612,-10.51506947]
[ 17.76350994, -5.98146607,-24.8371094 ,  5.29698344,-16.53387778, -2.2713961 ,  0.39963592,  5.36139278, -9.53415006,-20.93484571,-12.36866802, -7.57033336, -2.53510464]
[ 15.27514771, -1.23508619, -1.71409945,-31.51970435, 12.11515724,  8.20858239,-18.48630443,  1.53620783, 12.24858337, 25.99985247,-19.97087145,  3.29626666,-15.44099976]
[ 17.2123154 ,  6.87668706,  0.8557115 , -6.6321833 ,-21.20879294,-13.65049577, -6.09582343,-18.98080913,-30.65291435, 15.82704225, -6.00976959, -4.80751502, -8.4394958 ]
[ 12.13414258,  0.86330432,-11.79109805,-15.13381422,-17.51943468,  0.50658957,  8.63817513,  5.10872918,  0.82491658, -0.17684696, -5.64020848, -0.04375201,  2.68591259]
[ 16.9905847 , 15.37628082,-29.35074076,-12.17675627,  1.32183151,-17.39099506,-26.62012871, -6.59597525, 24.11271411,-10.51409304,-15.14303293, -1.15577593, -9.28805937]
[ 17.9480668 ,  0.55204047,-22.55391816, 16.31405321,-30.16571062,-47.30008433,  2.03493173,  8.00010753,-13.42275016,  4.28227103,-17.80308555,  6.88977229, -6.56708397]
[ 18.34163423, -7.20122539, -8.25878415, 22.97039775,-42.03667611,-33.65080704, -9.96808105, -1.42146226, -8.07230462,  9.42734932,  6.6778067 ,-12.96747397, -3.96201284]
[11.433183  , 2.92267271,-7.45144676,11.07692111, 7.77779903,13.42843739,-1.03236531, 4.68166409,17.66883231, 5.15212504,-5.20880412, 2.90892838, 6.37219036]
[ 18.42945653, 11.93110194,-23.34692299,  3.45830453, -2.01371519,-34.384009  ,  4.37684135, -3.23217085, 12.8706415 , -6.73835448,-13.06025657,-13.12651316, -5.98650343]
[ 16.20989424, 18.90207838,-12.91405032, -1.62581556,  1.76150282,-15.32117645,-39.94471176,-19.16323602, 16.71757866, 13.00952668,-15.89100828, 11.99837097,  3.36506201]
[ 18.87278294, -5.34806561,-12.06249615, 27.70189317,-40.03955475,-25.68676931,-32.05991427, 11.89809629,-16.51615503, -8.65814703, 26.24289795,-11.74253628,  5.98577266]
[ 19.654134  ,  1.36865077,-28.98156562,-13.95159232,-12.26942198, 14.5186515 ,-33.57623375,-27.15221821, 47.37281268,-12.96935504,  3.71016827, -9.55412652, -9.26172026]
[ 22.7408375 ,-38.96636851, 19.0555055 ,  1.35425364,-22.35019859, 31.72715458,-30.80448269, 11.80987165, -1.8294624 , -8.2783217 ,  4.09537308, -5.47505065, -1.82418987]
[  7.09266639,-22.13269461, -5.66903609,  2.69101003,  2.33685062, -1.27112373, -6.78627463, -4.37006245, -8.27508469, -0.99065941, -9.48831764,-10.15953314,-10.43928848]
[ 14.39590334,  0.00546666,-10.41550921,  2.17939475,  0.42674411, -3.1694254 , -8.06589285,  5.34070275,  7.88920327, -4.04006673,-13.63763688,-12.38898793, -3.32889788]
[ 18.31504495, 19.88830611,  1.3243533 ,  0.64057658,-43.80452363,-26.20026855, 14.69781211,-21.49908869, -5.3748876 , -9.26748475,-17.90297296,  9.27638166, -6.88844632]
[ 15.75261117,-15.5514385 , 15.32927528,  7.43996231, -9.18857412,-50.07212719,  8.50677554, -7.95289565,-27.77462029,  6.59782077, -7.79965776, -6.91083619, -5.14857495]
[ 14.00567107, -2.68014762,  2.50810703,  0.31601975, -4.6870806 ,-22.71237867,-27.28108949, -5.10784405, -1.03746983, -3.37667132, -3.9988642 , -2.11480813,-19.51892481]
[ 17.54210944,  1.26003816,  7.74835856,  7.501064  ,-47.09083611, -5.00175111,  3.39875445, -7.89265791,-21.59594493, -4.1070447 , -9.06936119, -6.55192714, 12.20875287]
[ 18.20653717, 14.39614457,-17.89523623, -6.04974074,-34.60517587,-15.65756097, 13.2824808 , -9.93368884,-18.38491767, 17.61208073, -3.95777368, -1.46357035,-11.71638147]
[ 16.85747571, -6.70047707, -2.19948199, -3.54571424,-14.16157789, -8.65701785,-12.96075161,-25.84537077, -8.5273783 , 11.13081159,  9.09816672, -3.1308612 , -7.3462171 ]
[  5.98367874,-12.09190009, -8.27334217,-11.41167566, -6.89038884,-14.1326074 ,-18.21446958,-18.15511955,  0.58130828, 21.13383586, 18.96180918,  6.88608444, -7.25696819]
[ 15.67426199,  7.59569068,  5.57692595, 34.67224925, -2.63586769,-25.57800752,-24.3891133 , -2.10586098, -1.76323632,-33.74277256, -0.60170121, 13.40406726,-11.16794228]
[ 15.25167992,-26.03883692,-12.2317446 , 10.64416213,  7.39415133,  8.90641905, -3.58292128, 12.45773352,  5.40300016,  2.13817247, -5.62548432,  6.55739995,  4.15040904]
[ 14.31911501, 16.7507552 , 16.85018305, 15.60511329,  9.80258951,  6.85573263, -2.69360002, -3.75720504,-14.23436954,-12.38627859,  2.64697673, -0.30546185,-12.8662877 ]
[ 10.40452418,-17.32819364,-34.0369184 ,  9.91917325,-16.96795263,-22.35060445,  2.12982111,  2.07778938,  1.37382004, 11.70123236,-16.85280121, -6.13278569,  8.78081974]
[ 14.06599227,  0.65244104,-15.67338674, -0.06479123,-24.04697901,  4.05756493, -0.36205128,-29.26060294,  1.18240556,  7.40033655, -9.85006895,-25.07782038,-12.33101368]
[ 20.79052612,-44.6322077 , 10.74698094,  9.78544789,-20.19445541,  9.27139784, -2.75075268,-10.34965015,  8.55083655, -1.18402933, -4.40630736,  6.44869388, -7.64476783]
[ 18.40182049,-33.88890778, -2.67665594, 15.74803123,-19.64190719, -2.44230926,-10.30093082, -5.82396024,  4.45518256,  0.7123727 , -5.71327744,  7.54879394, -1.65020987]
[ 7.23145627,-6.63241801,10.3216582 , 8.78111268, 1.44596111, 1.80585166,-4.67933969, 2.71353436, 7.58534693,15.47440724, 8.00338121, 9.45257744,-0.33860393]
[ 12.77969169,  7.31122825, 10.06669913, -7.61716798, -4.36445216,-37.79400761, 11.90125062, -2.2650108 ,-29.30169133, -5.14908302,-24.31868835, -6.21852182, -5.01322164]
[ 17.20080913, -6.62823031, -4.30489906,  7.21292605, -9.7737208 ,-26.52609111,-37.18104701,  0.50517775,  1.47369298,  1.38141268, -9.90149079,  1.13799682, -4.50824066]
[ 16.65713812, 19.70527156,  8.83244835, -8.04931429, -5.56843201, -2.88907814, -0.39632735,-15.2921943 ,-24.61412605,-19.90614665,-12.90635739, -0.76145983, -4.95353937]
[ 19.04020463,  2.08785693,-31.68521081, -9.08702389,-22.56286939,-15.19909822,  8.14009421, 11.84297562,-12.2997657 , 15.59639621,-34.26750792, -5.95176176, 14.41766323]
[ 14.39936879, 17.07762484, 13.33436569,  6.53200037, 22.70496208,-17.10555107, -9.52313986,-12.58200014,-22.44879961,  3.59637927, -4.74307122, -8.93309715,-22.90111129]
[ 16.05484261,  7.35194895,  6.25689055,  4.32970636, 15.38311363, -8.89595598,-37.10812739, -6.01901963,-29.10480337, -2.30961679,-19.53189427, -2.35959954,-23.47666162]
[ 19.71642862,  9.54006809,-27.25224277,-21.76567997,-35.60397945, 11.43043715, 21.12534097, -1.64929034,-14.42475273, -2.35530584,  2.60462855, -5.85413387, -9.06841817]
[ 18.43333682,  4.8620796 ,-11.81622667, 13.45385981,-20.5280459 ,-22.55528713,-46.01974817,  5.20671151, 11.42535978,  5.0104405 ,-11.60952071,  7.24168835,  3.12807614]
[ 19.00954015, 19.39256019,-27.95143062,-26.46977004,-10.00991673, -0.74201861,  2.59617794, -0.48906744, -3.65118562, -2.87429659, -4.01185514,  3.04444396,-17.12834146]
[ 16.09860072, 11.13857591, -4.33696985, -5.48559954,-10.30828722,-33.23174362, -4.85074943,-16.50899285,  8.02748184,  9.46524379,  6.97938556,-20.14025493,-16.20937196]
[ 15.12370741, -7.78185841,-15.5499135 ,-13.82814203, -9.13401309, 14.93602628, -0.18509897, -4.56147284, -3.94321574,  1.26774901,  3.54713231, -3.43798013, -0.76107286]
[ 19.47247592,  4.05259449,-37.63784343,-14.76762088, -1.2662041 , -8.35028307,  6.72282549, -4.55864774,  8.85181713, -6.12354524,-14.30014381,-13.35748763, -4.10494204]
[ 18.6814459 , -0.05781079,-13.96513372, -9.84112111,-46.36858971, 29.05885986,-29.48370571,-16.65446678, -7.75521053, 13.37390647, -2.68576113,  9.62995179, -3.58538244]
[ 20.0544312 ,  3.55825783,-27.19979006,-12.96918523,-38.68312571, 15.44031102, -0.97896987,-16.607918  ,  5.36267039, 14.62319187, -3.07765091,-25.22780885, -5.44460864]
[ 19.35318627, 10.10528775,-31.59570925,  4.81276648,-12.20256428,-24.88105364, -1.53612044,-26.39925445, 12.07065515, 13.90912816,-12.06443779, -8.81731403,-13.24270819]
[ 14.64713693,-28.87098315,-25.47566404, 18.3508583 , -6.9469509 ,  9.88219525,-19.91880325,  8.78585447, 16.24236128,-14.49560392,-12.22881082, 19.6687727 ,  1.5816188 ]
[10.23416385, 0.16731276, 9.31093421,11.30004602,12.45462887,15.79084297, 5.72821284, 8.18298445, 8.4882578 , 6.23996561, 6.6732813 , 3.20627833, 4.38678278]
[ 18.0183484 ,  6.13326171, -4.59921688,-23.79964059,-34.90533815, -8.47883262,  9.99452909, -3.93666938,-20.5988278 , 25.43272172,-25.19049593, -1.66227238, -1.43024074]
[ 18.03670724,  3.44588055,-12.42560522,-18.66773924,-15.45593364,-16.37332203,-14.49452966,  2.06189651,  4.32802036, 16.39515884,  6.5694761 ,  1.13287413,-30.5644599 ]
[ 19.00331276, -1.32230647, -8.19094002, 32.03077001,-25.77273613,-33.32496538,-40.59327892, -2.12310966,  4.85743071,-15.9724201 , -4.89575069, 17.9899616 ,-10.40041168]
[ 16.89058339, 20.33475542,-12.5037528 , -6.70702564,  0.54159453,-11.43745406,-13.18116412,-19.58660643, -4.47346467,  1.11677441, -5.40566026, -2.47686521,-15.18924201]
[ 17.5244032 ,  6.79890446,-43.89619304,-17.83010789,  5.62061946, -0.66172632, -0.94992431, -6.20194724, -1.62058126,-16.98169148,  0.3705057 ,  5.88130092,  1.88005189]
[ 17.84351681, 19.80663633,-16.60872249,-15.76367373,  0.94167949,-14.28181039,-22.07296091,  3.65129653, 15.10430008,  6.85428791,-17.223315  , -3.62918731,-11.42792104]
[ 17.11929734,  6.24908028,  2.61603372, -7.00837892,-43.77914587,-10.53699653, -3.6497953 , -3.45863144,  2.27399247, -8.94845271, -2.14322401, 16.86370228,-17.65602097]
[ 17.62105576, -4.61514237,  0.53957519, 39.51579165,-28.70447329,-37.62690015,  0.75452984,-25.99061738,-14.40685777, -9.22281411,  0.61524125, -5.30036996, -8.77624262]
[ 18.92270741,  4.94857013,-22.40562802,  7.59215269, -0.94411631, -4.77642314,-11.54585083, -0.23939033, -9.62143656,-22.36263275,-23.65820763, -8.41384962,  1.21995293]
[ 14.21347875, -7.98087121,  8.12953224, 37.0728541 ,-30.78136684,-26.90540746, 13.87087764,-25.62457942,-13.76692649,-13.03607223, -3.1584071 ,-25.13786913,-10.79947675]
[ 13.99592434,  8.99519011,  2.64027289,  6.72690238, -1.8796435 ,-15.60430146,-16.35224113,-16.59739695,  1.15849999,  2.0743786 ,-13.81838485,-15.67664141, -5.64621879]
[ 13.23829469,  5.20266027, 12.2657705 , 12.59443096,  5.94930837,  1.25042859, -7.87244342, -7.66576865, -9.18145853, -9.64836041,-12.01617713,-11.5304353 ,-10.81014615]
[ 17.23574135, -0.11247758, -4.04552736, 19.60581992,-11.14048755, -9.29340193,-14.85939479, -2.56243996,-10.53024562,-23.67908143, 11.77260017,-26.00721519,-11.80263065]
[ 16.5859229 ,-38.6574081 , 13.88369516,  2.31067765,-15.87472924,  2.63953984, -9.98815725,-11.2503845 ,  5.80307055,  0.76312955, -0.58321791, -5.40962175,  9.00433491]
[ 17.82219082, 11.35158645,-12.53234627, 12.12962696,-15.76674639,-13.99523868,-28.84328106,-22.58969641, 11.68705804, -0.74873122, -1.04920289, -6.88908549,-12.11387383]
[ 17.45841457,  8.09613056,-10.06242191, 15.07817491,-37.69773492,-23.83202943,-14.82909803,  8.94124401, -8.28107832, -4.18430222,  0.85331273,-14.91827258, -6.51181998]
[ 17.89965175, 19.5072488 ,-22.71421768,-12.6483364 , -1.82995195,-12.93518739, -6.45744849,-52.15935643, -9.25188731, 25.40871956, -1.24388072, -2.21956826, 11.90029979]
[ 19.4429933 ,  3.36486122,-32.54397395,  5.39120172,-24.63672499,-15.82979209,-11.70175843,  1.90229785, 19.90114148, -6.1578119 ,-17.36895308,-14.2927741 , -4.71973983]
[ 19.36689506,  5.44065496,-16.78659201,-19.88459222,-38.35342853, -1.80182398,  9.45174945,  9.77790401,-12.66774504, -8.36943925,  5.81176817,  1.40602715, -5.23641452]
[ 18.68832463, 11.99028896,-23.46054498,-17.50432364, -3.47335023,  3.13149906,-43.5996024 ,-18.00710238, 23.81582903,  5.34724938,  0.26160054,-13.56873026,  0.73558164]
[ 18.02157571, 21.78073661,  0.22494175,-16.69459461,-14.48783928,-22.36118749, 10.75298028,  7.10253706,-24.29472542,  0.74145885,-17.13989011,  2.51540556, -9.8797889 ]
[ 9.80277431, 2.2846875 , 1.39001566,-2.0507669 , 1.99084419, 2.41842094,-2.36072407,-2.6722548 ,-2.91259507,-1.68971322, 1.87063341, 1.32717625, 0.64605168]
[ 12.63269292,  0.13242656, -6.14939331,  4.52391271,-16.15275153,-21.91828484,-17.07829949, -4.71891936,  3.70417177,  5.93706281,  3.29162854,  0.2236721 , -1.96982916]
[ 18.63093403, -3.91939028,-10.00960931, 55.53411377,-20.21129393,-41.78217914,  1.64314632,-33.47835803,-10.92838774,-13.96030618,-16.61726487, 12.73947981, -6.45277545]
[ 7.69988042,-5.99370608,-3.79662265,-5.26188324, 3.61638742,16.85195971, 9.52645863,-2.55283108, 7.11747544,-2.16600216,-2.6398542 ,-3.66695311, 2.38912964]
[  9.40956018, -6.72956248,-14.24925452,  5.64986885, 16.13468762,  8.28364405,-20.64689838,  2.25304487, 27.16537874, 12.61402546, -9.24539745,  6.07463407,  6.70723479]
[ 18.75504389, -2.74799452,-26.94021714, -6.9982302 ,-23.69401659, -0.06162326,  6.48592013,-10.31018629,  6.90714509, -4.81599258,  6.49272028,-22.02381401,-17.02787455]
[ 14.69726878, 19.62902364,  2.45880262,  4.7106996 , 13.63751212, -5.03154925,-14.3917262 , -4.70266892,-22.03786197,-16.08941946, -6.42182006, 12.4838478 ,-18.38163753]
[ 6.65767431,-4.9826675 , 6.35907914, 4.31035067,11.73644966,18.48652329, 6.29694284, 0.86268672, 1.87429975, 4.2777485 , 1.03893806, 0.60474393,-4.23705115]
[ 18.7849245 ,-37.79500106,  9.42010149,-14.3350664 , -4.2888175 , -6.53430598,-15.48388595,  4.09949552,  0.93775914,  3.64080204,  1.62081854,  3.18871086, -7.6987759 ]
[ 16.33256083, 18.86764246, -0.23879827,-18.66186434,-16.50012487, 16.41687837,  1.69770801,-20.75215212, -4.07674636, -1.51884683, -2.58890662, -2.44444231,-11.48257632]
[ 16.84997749,  4.97519677,  5.55601033,-25.68523493,-19.16986435, -1.5850758 , -3.00002027,  5.99114674,-22.35313005,  6.46406036, -2.98425621,  1.41872559,-19.59117038]
[ 17.6134673 , 15.51212313,-28.82651652,-16.59748151,  0.73575555,-26.21525528,-32.8644836 ,  9.73751954, 31.29871115, -4.53390244,  0.9331225 , -5.45219611,-14.45134329]
[ 19.5355954 , -4.82436535,-18.77566786, -6.13235197,-15.74053141, -3.13316675,-37.61334052, 11.75696578, -4.37596755, 10.40052111,-18.04549743, -4.57003287,-22.60008594]
[ 20.93276471,-20.82420076,-13.58708039, 41.86270826,-36.31167475,-16.12711013,-10.76523537,  0.08024192, -9.40179066,-24.14420674, 24.245062  ,-23.24060121, -7.79981589]
[ 22.14269702,-39.04077678, 25.10904723,-11.84448543, -7.19327924, 19.93286851,-25.85928591, 19.24722892,-12.82884692,  4.02637552, -2.77404882, -2.12013471,  0.15049655]
[ 17.73764036, -0.01662587,  2.49695261,  5.37746358,-19.60867582,  3.19636941,-38.38643484,-20.59191891,-13.8331139 ,  3.75634088, -0.88105655, -8.61130056,-18.70958459]
[ 16.35786163, 13.28186242, -2.21012043, -8.94274396,-34.00750626, -9.2217479 , 10.70679597, -4.81854658,-15.83171125, -2.99854702,  9.77721532, -0.63996672,  4.23354802]
[ 18.08065661,  4.63898683, -4.31556197, 22.13823121,  6.00704055,-29.4589846 ,-27.22516164, -5.62153218,-10.80887219,-21.108013  ,-16.09438803,  3.49674589,-10.34587515]
[ 19.40122453,-39.80205049,-10.94476564, 26.74539158, -8.8083283 , -6.92594514,-15.21104689, 13.90748909,-13.5942324 ,  9.33602252, -7.17622575,  5.56913684, -4.80627099]
[ 15.97556239, 16.2088425 , -7.66971412, 13.50553765, -2.8566555 ,-30.83225501,-18.9503054 , -3.48962919, -4.44354233, -0.01804874,-13.61702414, -6.14835272, -2.26224831]
[ 13.35393811,-16.0571393 ,-15.62277046, 11.51204327,  0.81724739, 14.68730564,-14.61629396,  7.63900652, -1.5869721 , -7.42419696, -8.34567565,  7.73237606,  7.85730641]
[ 16.63695065,  6.17755622,-14.44475137,  2.65554949,-11.35349549,-21.25828071,-20.34725831, -4.9363287 , 17.78504123, -1.47907265,-14.39633087, -7.30551603, -1.98830046]
[ 18.54478645,  2.11743194,-35.45860133,  1.02463507,-17.38461937, -1.76226557,-21.15927981, -1.97918667,  5.46189687,-27.66067065, -9.87024517,  2.32114587,  3.45885377]
[ 10.93534526,-13.05394918,-13.76718866,  8.59773014,  4.5244203 ,  2.90128627, -4.55851782,  4.92551947, 17.32175211,  7.01349713, -5.63033049,  6.72868097,  8.67506691]
[ 17.21091008,  2.86024768, -6.81913745, -8.21462677,-14.7492347 ,-18.20562283,-30.9550512 ,-13.98584167, -2.01947564, 15.05577402,  8.45582268, -4.82003323,-21.30365873]
[  9.42690368, -5.39502879,  0.97273496,  0.66263897,  2.8090639 ,  1.34464288, -3.72698086, -6.01298441, -8.59830894, -9.74881446,-10.05542267,-10.42424985, -9.07432382]
[ 17.07639948,  9.862832  ,-11.36610688,  3.83483618,  6.91724229,-21.86086811,-21.76992415,-40.92793148, -4.68459292, 11.84738559, -5.82585264, -5.96488325,  1.54032703]
[ 17.12204172, 13.64223184,  8.98945168, 13.66788619,  6.41639147,-15.01911077,-17.30539574,  3.35488919,-23.74442578,-23.11585219,-14.32570105,  1.81222854,-12.06573032]
[ 19.74074065,-30.26976901, 22.51273055,  8.03714684,-14.76582966, 16.65122682,-28.72840365, -4.14121306, -7.9630338 , -4.9236745 , -5.99971752, -6.32505379, -6.68840097]
[  9.47838512,-29.35142776, -5.0222442 , 10.06853837,  5.67002205, 10.6147885 , -0.42474594,  9.74027111,  5.82299879, 16.4407355 , -1.34179071,  6.36615602, -6.36569851]
[ 18.87727958,  8.01753129,-30.79799692,-13.47320124, -7.38832143, -6.78808973,-42.15639894,  5.03956066, 16.57669811,-25.69596833, 13.45275036,-13.12745936,  4.47755853]
[ 16.75832312, 15.21786767,  2.90650436, 10.69834659,-33.74366952, -2.24061494,  3.02986964,-23.73365283,-11.0696011 ,-28.15849806, -3.88518106, 15.36680544,-13.46790319]
[ 19.61278072,  1.97819096,-30.05835637,-15.67163119,-26.00179272, 18.60885102,-21.68462627,  2.97545049,  3.28693077,-14.4799846 , -9.69820118,-20.55624079, 19.96598305]
[ 19.27633976, 10.08306171,-17.83180524,-28.2575963 ,-31.09102553,  4.8567659 , 17.50142537,-22.31906302,  8.78376801,  4.35279453, -1.17883577, 11.02077654,-16.44841191]
[ 15.88055173, -3.34296663,  2.02339976,-13.05489505,  5.02634893,-25.31928591, -8.18709274, -7.53039884, -7.42480005,  1.8777836 ,-19.83676645,-13.37413916,  5.80260375]
[ 15.1072556 , 10.89935778, -4.09036654, -2.44639941, -5.55765484, -1.53559168,-15.8529013 ,-17.17316078,-12.6461145 , -5.12270256, -2.26962835, -4.58660034,-10.26678315]
[ 20.0300336 ,  5.00469929,-21.9321788 ,-15.95778409,-30.73938291,  1.91149871,-11.21194659,  7.90632277,  3.39827972, 13.14323885,-13.0595662 ,-18.52993932, -9.01091311]
[ 8.73359564,-7.44662942,-5.79333698,-5.47945228, 3.37969305,15.52539555, 3.54496234,-3.73786614,-4.83091228, 0.61835707, 4.94306974, 2.81508511, 3.57270127]
[ 18.28942525, -4.51955373,  0.95206549,-21.22796263,-25.25879466, -8.73579709,  9.05759776,  0.03612237, -0.60628732,-17.38800763, 20.16924529,  3.84083634, -5.48905065]
[ 11.08617566, -9.09594786,-27.81401247,  0.44737301, -1.31514747, 33.98006127,-25.52797117,-26.75381406, 43.5791318 , 10.7016537 , -9.3555832 ,  6.71495863, -3.53969736]
[ 20.17328808, -5.24891853,-15.48410137,-12.33622806,-58.47192106, 24.62434306,  9.14961737,-16.96296952, 10.37593609,-13.45543592,  4.78504059, -2.03445811,-10.07753777]
[ 17.55606686, 16.67113219, -2.62486712,-15.12342493,-33.03244242, 19.47304211,-12.96329673,-16.76735263,-23.30496506, -9.17657826, 18.15570465,-12.18303118,  7.15218146]
[ 20.14766146,-11.0130111 ,-22.36778727,  8.38301987,-33.15988309, -0.24512436,-20.82262756, -3.9690676 , 18.13173994, -1.67996147, -4.518621  ,-25.44778989,  8.02234937]
[ 18.51010819,-35.97824699,  2.49095395,  5.60941592, -8.6405296 ,  6.90800952,-12.35685576,  6.13517328,  4.17597998,  0.29709368, -0.31791685, -1.71251554,  1.26553833]
[ 17.90161051,  9.83605382, -6.94836896, 26.10599888, -4.98026834,-50.22617054, -1.68055167,-19.89745431, -3.57608391,-18.95509308, -1.74963864,  6.81837005,-15.10445353]
[ 10.01589403, -6.06409024, -9.68313978, -3.2071034 ,  8.64900926, 11.58741965, -5.59331303, -0.8642207 , 11.90332036,  4.4849944 ,-10.22984409, -3.12131886,  3.12478677]
[ 17.66707884,  8.55576103,  0.56691257, 28.56722736,-28.1178176 ,-32.95051928,-13.42987944, -3.62834845,-20.65190023, -4.03012452,  9.09289236, -8.52680195, -5.91584862]
[ 14.80566637, 12.58123624,  7.98670293, 13.83350654, -9.43360989,  1.26617194,-29.26421068,  1.69314653,-25.25481466, 15.38220237,-13.68326228,-11.62553312,-12.63503241]
[ 19.12570682, -3.83416354,-28.24357055, 12.64064848,-15.59885566,-20.41476688,-13.97447018, -6.94153315, 31.38412854,-17.20963419,  0.62504616,-11.26729437, -8.22031367]
[ 16.75607069,  3.90539653, 13.4711443 , 27.80325753,-16.88907855,-18.12079331, -6.12463188,-17.71027823,-30.51752358, -2.82456036,  1.74425966,-19.40252425,  6.85479702]
[ 20.06653638,-40.07002854, 19.39366204, -9.28198846, -2.13104852,  9.65768305,-17.73607747,  9.2612883 , -5.49849636,  1.50447126, -3.46151531, -0.01723678, -0.33033234]
[ 16.35365176,  2.81858741, -5.10010523, 24.01043421,-11.90111738,-24.83393406,-26.45907252, -3.89908257,  1.82636945,-14.95439645, -5.92649103,  3.96823384, -5.46888485]
[ 16.62995311,  0.84692731,  8.19248844, 13.89066517,-46.0000647 ,-24.3305276 ,  9.37233621,-36.22174234, 18.46812924, 17.46918624, -9.68257299, -6.96438272,-16.89071118]
[ 13.58945185,  6.50621378,  8.06354762, 24.64731092, -2.71734486,-15.27793417,-11.2630709 ,-10.9500473 ,-26.74977867,-18.88365515,  1.11468899,-23.95857273, -6.04779687]
[ 17.64071463,  3.70339994, -0.96869433, -4.21174252,-18.15272244,-32.15307806,-18.36948247, -7.45608708,-14.91143454, 35.17347103,-20.56067137, -7.70764062, 12.90688723]
[ 14.09909635, 11.11261489,  9.7697089 ,  7.71343662, 17.39871602,-26.57023225, -9.76401755, -0.66955188, -3.01510191, -7.35726727, -9.25252571,  6.29796981, -7.54559623]
[ 15.40144393, 13.01622919,  7.23965536,-18.92073715,-26.42057697, -9.40119504,  2.12410442, -7.98196444, -9.45849847,-11.48399904, -9.69867455,  0.03634973,  1.93400371]
[  9.79051932, -8.72363664,-10.91432435,  1.52998814, -6.3570588 , -1.16812795,-13.30333662,-16.11857948,  1.90410257, 13.4967592 , -5.66775684, -4.48253338, 13.62868628]
[ 16.27737571, 19.1068179 , 16.67729919,  5.21425679,  4.65120876, -7.45924035,-11.20278143,-13.36645338,-16.68072002,-19.12402473,-17.93993661, -9.6591807 , -9.74650668]
[ 14.85763727,-24.38827403,  4.15906822,  7.39553926,-16.66178844, 26.19310537,-19.46523219, -0.56521757,  3.63726379, -0.97125955, -0.02785424, -0.75762914, -2.78831038]
[ 16.42078683, -1.62289232,-12.79833368,-10.17843252,  7.51067871, -2.13649283,-26.42923055,-16.13444266, 14.97745536, -1.3232793 , -0.73435362, -4.91554022, -1.8756028 ]
