[0.00423002]
[0.00503744]
[0.00338235]
[0.00175495]
[0.00364493]
[0.0012046]
[0.00481953]
[0.00570756]
[0.00605932]
[0.01212883]
[0.00612083]
[0.00359749]
[0.00365665]
[0.00482578]
[0.00507367]
[0.00461387]
[0.00139712]
[0.01811504]
[0.0033969]
[0.004792]
[0.00278707]
[0.00912477]
[0.00391766]
[0.00122706]
[0.00379969]
[0.00161348]
[0.00396925]
[0.00663369]
[0.00845307]
[0.01081136]
[0.00203084]
[0.00486915]
[0.00094633]
[0.00481273]
[0.00177222]
[0.00212238]
[0.00215879]
[0.00950999]
[0.00133991]
[0.00261839]
[0.02118737]
[0.00798289]
[0.00354057]
[0.00444498]
[0.00066697]
[0.00256864]
[0.00170206]
[0.00218724]
[0.01617475]
[0.00308935]
[0.00279341]
[0.00747986]
[0.00098931]
[0.00216603]
[0.00083295]
[0.00349205]
[0.00118338]
[0.00146716]
[0.00144126]
[0.00423474]
[0.00589229]
[0.00744052]
[0.00156775]
[0.00440588]
[0.00049878]
[0.00462902]
[0.00449435]
[0.00387737]
[0.00505279]
[0.00096931]
[0.00374632]
[0.0020987]
[0.01515036]
[0.0046964]
[0.00128561]
[0.00088325]
[0.00219006]
[0.00708042]
[0.00530068]
[0.00590775]
[0.00309285]
[0.00845991]
[0.00119851]
[0.00383114]
[0.00153596]
[0.00385203]
[0.00698483]
[0.00122075]
[0.00230778]
[0.00293729]
[0.00711495]
[0.00162162]
[0.00215417]
[0.00658545]
[0.00132199]
[0.00723571]
[0.00426564]
[0.00237435]
[0.00226853]
[0.00564803]
[0.00715919]
[0.00186852]
[0.00183471]
[0.00330676]
[0.00059386]
[0.00474516]
[0.00080097]
[0.00302785]
[0.00073726]
[0.00827984]
[0.00156468]
[0.01137517]
[0.00396242]
[0.00161735]
[0.00190037]
[0.0031408]
[0.00326821]
[0.0019908]
[0.00279885]
[0.00101896]
[0.00713876]
[0.00100742]
[0.00178522]
[0.01626795]
[0.00235578]
[0.00291802]
[0.00080418]
[0.00500719]
[0.00081025]
[0.00287626]
[0.00573521]
[0.00521006]
[0.00144614]
[0.00247793]
[0.00354422]
[0.00143911]
[0.00234718]
[0.00215284]
[0.00131209]
[0.00262562]
[0.00333205]
[0.01324257]
[0.00198913]
[0.00275151]
[0.00240335]
[0.00207202]
[0.0033316]
[0.00468926]
[0.00227898]
[0.00149054]
[0.00362916]
[0.00171387]
[0.00153393]
[0.00297603]
[0.00374644]
[0.00858465]
[0.00269036]
[0.00120308]
[0.00777789]
[0.00473942]
[0.00134631]
[0.00135853]
[0.00376]
[0.00344351]
[0.00358522]
[0.00194774]
[0.00231909]
[0.01711994]
[0.00236441]
[0.00055032]
[0.0020072]
[0.00304269]
[0.00105021]
[0.00295965]
[0.00192893]
[0.00272341]
[0.00131647]
[0.0081524]
[0.00153357]
[0.00234485]
[0.00369469]
[0.00490774]
[0.00185912]
[0.00127547]
[0.00912341]
[0.01073656]
[0.00512919]
[0.0025815]
[0.00546822]
[0.00300001]
[0.0022166]
[0.00596325]
[0.00091544]
[0.00250232]
[0.00283095]
[0.00898798]
[0.00685948]
[0.00143668]
[0.00225585]
[0.00261504]
[0.00276628]
[0.00341928]
[0.00480718]
[0.0071796]
[0.00333986]
[0.00363176]
[0.00168373]
[0.00264054]
[0.00179547]
[0.00169725]
[0.00278274]
[0.00233185]
[0.00259792]
[0.00351455]
[0.00287539]
[0.00363519]
[0.00516358]
[0.00303036]
[0.00843563]
[0.00290077]
[0.00421623]
[0.0010572]
[0.00271877]
[0.0053894]
[0.00385393]
[0.00288829]
[0.00204117]
[0.0022185]
[0.00209339]
[0.0035076]
[0.01064076]
[0.0027205]
[0.00331541]
[0.00232011]
[0.00087898]
[0.00111344]
[0.00145901]
[0.00282443]
[0.00785696]
[0.0021871]
[0.00504847]
[0.00367675]
[0.00236004]
[0.00397408]
[0.00285838]
[0.01116264]
[0.01020843]
[0.00073988]
[0.00238192]
[0.00140104]
[0.00191214]
[0.00343991]
[0.00310927]
[0.00207884]
[0.00329584]
[0.00629856]
